kinematics:
  shoulder:
    x: 0
    y: 0
    z: 0.1281381050140706
    roll: -0
    pitch: 0
    yaw: -8.575844856638095e-05
  upper_arm:
    x: 1.883116002528384e-05
    y: 0
    z: 0
    roll: 1.570829288681706
    pitch: 0
    yaw: -6.334171827981905e-05
  forearm:
    x: -0.6124040724966695
    y: 0
    z: 0
    roll: 3.134390599593429
    pitch: 3.139977764371612
    yaw: -3.141556484984283
  wrist_1:
    x: -0.5712073845390963
    y: 0.001404428304689497
    z: 0.1634687595370395
    roll: 3.133001447811802
    pitch: -3.139487420709939
    yaw: -3.141539570882037
  wrist_2:
    x: -9.103796838161178e-06
    y: -0.115548075130574
    z: 0.0002221514395867065
    roll: 1.56887374032498
    pitch: 0
    yaw: -3.159603116494337e-05
  wrist_3:
    x: 3.571058559057099e-05
    y: 0.09208713995576337
    z: 0.0001293065006086482
    roll: 1.572200501315747
    pitch: 3.141592653589793
    yaw: 3.141563103787818
  hash: calib_11634193874318421400